Run
SRR5876398
SRR5876399
SRR5876400
SRR5876401
SRR5876402
SRR5876403
